Sphere Rotate 1 Degree for 360 Degrees
5
1
2
2
3
3
3
3
1
2
4
1
1
0
0
0
0
1
0
0
1
0
1
1
0
0
0
1
0
0
1
0
1
0
1
1
0
1
0
1
0
1
0
0
0
1
1
0
0
0
0
0
1
0
0
1
0
0
0
0
0
0
0
0
0
0
1
0
0
0
0
0
1
0
1
0
0
1
0
1
0
0
0
0
0
1
0
0
1
0
0
1
0
1
0
0
0
0
0
0
0
1
0
0
1
0
1
0
0
1
0
0
1
0
0
1
0
1
0
1
0
0
0
0
1
0
0
0
1
0
1
0
0
1
0
0
0
0
0
0
0
1
0
0
0
0
0
0
0
1
0
0
0
0
0
0
1
0
0
0
0
0
0
0
0
1
0
0
0
0
0
0
1
0
0
0
1
0
0
0
1
0
0
0
1
0
0
0
1
0
0
1
0
0
0
0
0
0
1
0
0
0
0
0
0
0
0
0
0
0
0
0
0
0
0
0
1
0
0
0
0
0
0
1
0
0
0
0
1
0
0
0
1
0
0
0
1
0
0
1
0
0
0
0
0
0
1
0
0
0
0
0
0
1
0
0
0
0
0
0
1
0
0
0
1
0
0
0
0
0
0
1
0
0
0
0
0
0
1
0
0
0
0
0
0
1
0
0
0
0
0
1
0
0
0
1
0
0
0
0
0
0
1
0
0
0
0
0
0
0
0
0
1
0
0
0
0
0
0
1
0
0
0
0
0
0
1
0
0
0
0
0
1
0
0
0
0
0
0
0
0
0
0
0
0
0
0
0
0
0
0
0
0
0
0
0
0
1
0
1
Sphere Avg: 0.28055555555555556
Airplane Rotate 1 Degree 360 Degrees
27
5
7
3
4
4
4
3
4
4
3
3
4
5
4
3
3
5
4
4
3
3
2
3
4
2
3
2
3
3
2
3
2
3
4
2
3
3
2
4
2
2
3
2
4
3
2
3
3
5
3
3
3
2
4
3
2
3
4
4
3
3
2
3
4
2
2
3
4
4
3
2
2
3
3
2
3
2
3
4
3
2
3
3
4
2
3
3
3
4
2
3
2
2
4
2
2
3
3
6
2
2
3
2
3
3
2
2
5
5
5
5
4
4
4
3
3
3
4
4
3
2
3
2
3
5
4
5
5
5
3
3
3
5
5
6
4
5
4
5
3
2
3
2
4
2
3
3
2
6
5
4
4
5
5
5
3
4
3
5
2
3
2
2
4
5
3
2
2
4
2
2
3
3
5
4
3
2
3
4
3
2
3
2
5
3
2
2
3
4
2
3
2
2
4
2
3
2
3
4
3
2
3
2
3
4
3
3
2
4
2
3
2
2
4
2
2
2
2
4
2
3
3
2
4
3
2
3
3
4
2
2
3
2
4
3
2
3
3
3
2
3
3
2
4
2
2
2
3
4
3
3
2
3
4
3
2
3
2
4
2
3
2
3
3
3
3
2
3
3
3
2
3
2
4
3
5
3
2
4
2
2
2
2
3
2
2
2
2
3
3
3
2
3
3
3
2
3
2
4
2
2
3
2
3
3
2
3
2
4
2
2
3
2
3
2
2
3
2
4
3
2
3
2
4
2
3
2
3
3
2
3
2
2
3
3
2
3
2
4
2
3
2
3
3
2
2
3
3
4
2
3
2
3
3
2
2
3
2
4
Airplane Avg: 3.063888888888889
Cube2(40, 50, 60) Rotate 1 Degree 360 Degrees
118
97
62
56
71
60
57
64
59
59
56
63
67
109
65
57
64
59
56
65
71
60
57
66
58
111
60
63
59
59
56
62
58
57
54
78
102
74
57
58
66
59
57
64
60
58
57
63
95
83
72
56
67
61
57
63
59
59
56
63
94
80
59
58
63
71
59
57
65
58
56
56
97
85
64
58
62
58
58
56
65
72
59
55
105
79
59
56
63
60
58
56
65
59
56
60
125
73
63
59
60
55
63
59
57
55
65
59
108
62
56
77
59
57
55
71
59
55
66
59
107
67
56
63
59
59
65
71
59
58
56
64
106
61
55
66
61
56
63
58
60
57
78
59
103
65
55
62
59
58
55
64
59
55
63
59
100
87
68
66
59
60
56
68
62
61
55
66
100
71
56
69
85
78
65
64
60
60
60
64
102
73
56
65
59
60
57
76
59
60
55
63
95
80
58
55
67
58
59
65
60
59
66
66
100
76
56
56
68
59
56
63
60
59
55
63
94
92
66
69
65
59
56
56
65
58
57
55
102
84
57
55
71
61
57
55
63
59
57
56
114
74
57
57
65
59
55
62
72
59
57
71
97
61
57
62
59
59
56
63
115
70
63
76
59
60
56
65
61
59
58
101
82
62
58
62
59
58
69
69
59
71
57
100
84
60
59
64
61
60
55
64
61
70
56
112
60
62
60
58
58
64
60
60
55
63
59
105
84
55
63
58
58
55
66
58
55
59
67
103
70
60
72
74
58
54
62
60
57
56
65
98
70
56
62
59
59
57
65
74
59
57
65
105
75
56
63
58
58
55
63
59
59
54
74
109
74
58
65
60
Cube Avg: 65.78055555555555
Cow Rotate 1 Degree 360 Degrees
4
3
3
4
9
4
2
2
3
2
5
3
2
3
2
2
3
4
2
3
2
3
2
3
5
2
2
3
3
2
3
4
2
3
2
3
2
3
5
2
3
2
3
3
2
5
3
2
3
2
3
2
5
3
2
3
3
2
2
5
2
2
3
2
3
2
5
3
2
3
2
2
2
5
2
3
3
2
3
3
4
3
3
2
3
2
3
5
3
2
3
3
2
3
5
3
2
2
3
2
2
5
3
2
3
3
2
3
5
3
2
3
2
3
2
5
3
2
3
3
2
3
5
2
3
2
2
2
2
5
3
2
3
2
3
2
4
2
2
2
3
2
3
5
2
3
2
3
2
3
5
2
3
2
3
2
2
5
3
2
3
2
2
3
5
2
3
3
2
3
2
5
2
3
2
2
3
3
7
4
4
4
5
4
4
7
4
4
4
4
2
3
5
2
3
2
2
3
2
5
3
2
3
3
2
3
5
3
2
3
2
2
3
5
2
3
3
2
3
2
5
2
3
2
2
3
2
5
3
3
2
3
3
2
5
3
2
3
2
2
2
4
3
2
3
3
2
3
5
2
2
3
2
3
2
5
3
2
3
2
3
3
5
2
3
3
3
2
3
5
3
2
3
2
3
2
5
3
2
3
2
3
3
5
2
3
3
2
3
3
5
2
3
2
3
2
2
5
2
2
2
2
2
2
5
3
2
3
2
2
3
5
2
3
3
2
3
2
5
3
3
2
3
2
3
5
3
2
3
3
2
3
5
3
2
3
3
2
3
5
2
3
2
3
2
3
5
2
3
2
3
3
2
5
3
2
3
2
2
3
Cow Avg: 2.9194444444444443
All Four Rotate 1 Degree 360 Degrees
64
65
63
70
66
63
127
69
62
69
61
70
65
62
68
65
61
66
60
125
90
62
81
76
73
72
64
67
59
70
64
60
119
76
65
70
70
62
68
65
64
67
59
73
73
63
122
73
69
66
63
68
60
69
68
63
115
65
65
62
67
70
71
68
60
69
76
97
67
63
66
61
70
66
62
68
72
112
66
60
69
66
71
79
63
69
102
68
61
72
74
63
67
59
68
66
61
117
66
59
69
69
63
70
70
70
66
61
68
67
61
116
71
65
64
68
59
69
76
70
70
119
65
60
69
68
60
68
66
61
66
61
78
80
99
66
63
67
60
71
68
63
67
58
115
66
77
71
60
68
65
62
69
111
66
59
69
66
61
72
86
89
67
61
68
103
85
66
61
67
64
61
68
59
83
68
63
70
112
74
63
66
60
68
65
64
66
59
80
92
69
121
84
68
66
63
68
59
69
66
66
85
96
65
107
85
64
66
78
67
67
86
68
78
76
83
82
84
123
80
87
75
62
69
65
62
67
63
128
65
64
66
62
72
65
61
67
106
71
63
65
70
69
65
60
69
60
70
64
62
125
76
71
66
60
78
71
62
67
58
70
66
64
120
64
65
60
69
65
65
80
64
70
77
97
67
62
66
59
68
66
60
67
59
129
65
64
66
58
70
70
79
67
110
62
68
65
63
83
87
61
68
59
70
65
63
114
77
67
72
63
77
66
69
66
64
68
65
63
111
70
68
65
61
68
59
86
66
73
69
65
63
111
71
66
63
71
60
70
66
77
68
60
117
61
67
66
61
70
60
69
66
60
147
79
78
73
75
83
87
76
64
68
62
70
68
78
123
63
65
60
69
65
63
66
61
70
105
73
67
70
80
66
61
70
65
62
69
60
69
114
67
64
69
74
69
67
62
69
65
62
69
60
127
72
69
65
61
77
72
62
66
61
68
66
67
108
80
67
59
69
66
63
84
67
64
68
60
68
76
104
68
67
66
59
67
69
77
68
60
119
72
76
62
72
66
60
68
61
71
66
69
69
112
70
60
64
62
67
66
63
72
59
70
66
74
121
65
69
65
64
70
66
62
67
61
70
66
64
148
85
62
66
61
69
72
62
68
60
70
66
62
127
64
65
62
69
66
64
73
72
70
99
82
66
61
76
69
62
68
60
70
67
61
69
109
72
62
65
60
69
80
62
67
59
69
67
63
113
76
69
65
63
67
60
84
66
62
72
65
63
107
77
67
65
63
67
59
69
76
65
67
65
63
115
64
61
74
67
63
68
66
62
69
70
69
105
88
64
60
69
65
62
68
61
75
65
64
83
115
77
62
66
60
67
66
61
68
59
69
66
61
119
77
68
67
74
67
60
69
66
62
69
65
61
118
89
67
66
62
68
67
62
66
62
82
64
64
114
80
67
62
69
58
70
66
60
70
107
70
63
65
61
67
97
64
66
59
68
67
61
123
72
61
65
61
69
67
75
68
59
68
67
60
135
66
65
59
68
65
62
66
73
70
65
61
116
74
68
66
64
66
67
70
66
62
81
65
64
105
80
67
58
69
68
61
68
66
61
67
70
75
111
81
66
59
71
66
60
69
65
62
67
59
77
123
72
63
65
61
77
66
61
72
59
69
67
61
116
91
68
66
62
67
61
69
65
63
69
67
64
102
99
65
60
70
65
63
74
60
69
66
60
69
73
111
80
64
70
75
69
66
63
67
61
114
66
57
71
66
73
71
67
63
67
60
68
65
69
139
82
64
72
64
82
66
63
66
59
69
66
64
68
113
69
63
67
117
94
65
63
69
65
64
66
62
120
74
68
66
60
80
59
69
67
68
67
65
64
102
85
66
60
69
65
72
71
66
62
66
60
68
107
77
70
65
64
66
60
76
73
60
69
66
115
72
67
67
60
68
59
69
67
60
89
66
62
110
81
67
59
70
70
63
69
66
64
71
82
76
133
84
91
71
72
66
61
68
65
61
66
75
70
119
67
60
69
64
63
69
60
73
66
61
69
78
118
64
69
65
61
68
60
69
65
61
68
68
115
70
68
63
68
58
68
67
60
68
66
61
68
60
119
79
61
68
58
69
66
60
78
106
72
62
66
60
69
74
63
68
60
70
65
62
110
76
67
66
63
76
61
79
71
62
69
65
62
101
86
66
62
70
65
62
68
59
84
67
63
71
83
109
60
68
65
63
67
65
65
67
66
113
65
67
59
68
65
70
76
59
70
66
61
69
119
83
62
66
65
68
72
62
67
60
70
66
61
114
91
68
66
61
67
62
70
65
60
66
65
63
104
84
75
59
68
65
64
68
59
70
64
63
68
71
110
58
81
67
60
69
65
64
67
60
119
77
68
69
65
60
76
68
63
66
60
69
66
60
119
66
58
67
65
61
69
83
64
66
61
70
64
108
71
68
65
61
68
60
70
78
64
68
67
63
108
89
65
60
69
66
61
69
59
80
70
61
69
75
107
67
62
66
64
78
82
62
69
70
115
65
62
69
59
69
68
61
69
110
66
61
67
76
64
74
59
70
65
61
68
66
113
69
60
67
60
77
71
61
67
63
70
65
76
113
67
63
66
65
64
74
69
70
66
61
68
66
65
120
60
68
66
72
69
59
71
76
118
65
67
66
67
68
58
70
65
61
68
66
62
108
100
66
60
66
65
63
69
58
69
69
62
67
71
119
64
63
68
60
69
68
88
68
105
68
63
65
61
77
66
62
66
58
70
66
63
111
77
69
67
77
67
68
74
66
61
68
66
62
111
84
66
59
70
66
63
77
76
66
76
61
69
104
80
66
59
70
66
60
68
70
73
67
59
114
71
69
69
86
68
61
69
65
60
79
66
64
110
85
66
59
68
65
63
68
68
65
73
82
72
104
80
68
60
69
66
61
68
65
63
67
59
130
82
68
72
63
67
60
69
65
61
68
65
63
112
98
66
60
67
65
64
70
61
69
73
60
68
102
86
78
63
68
65
63
67
59
69
65
63
69
115
68
60
90
66
62
67
64
70
66
60
69
74
102
64
61
69
71
69
67
59
70
112
67
63
65
61
68
65
61
67
58
80
65
63
112
74
70
64
62
68
60
81
66
63
67
78
63
105
81
66
61
70
64
61
68
65
62
67
60
78
88
105
65
63
66
60
70
64
63
68
59
112
64
76
72
60
69
65
62
69
118
69
63
64
60
73
69
72
68
61
70
66
63
119
71
69
67
62
76
79
70
68
64
69
66
61
101
86
66
63
68
66
62
68
60
79
70
62
93
All 4 Avg: 284.8388888888889
