Sphere rotate 1 degree full 360 deg
30
20
11
7
7
7
6
6
6
6
10
7
6
6
5
5
5
5
6
6
6
6
5
5
5
5
6
6
6
5
7
5
6
6
6
6
6
6
6
5
8
7
7
5
5
9
6
6
9
8
8
9
7
5
6
6
5
7
5
5
7
5
6
5
5
5
6
5
5
6
5
5
6
5
5
5
4
5
5
6
5
5
5
5
5
5
5
4
4
5
5
6
5
5
5
5
5
5
5
6
5
5
5
6
5
5
5
5
5
5
5
6
5
5
5
5
5
5
6
5
6
5
5
5
5
6
5
5
6
5
6
5
6
5
5
5
6
9
5
7
7
6
9
7
7
11
7
7
8
6
5
6
6
11
9
5
5
6
6
6
5
6
5
5
8
7
5
5
5
6
5
5
5
6
5
5
6
5
6
5
5
5
6
6
5
6
5
5
6
5
6
5
5
6
5
6
5
5
5
6
6
5
6
5
5
7
5
6
6
5
6
6
5
6
6
5
5
6
5
6
6
5
6
6
6
6
8
5
6
6
6
8
5
5
6
5
5
6
5
5
5
5
5
6
5
6
6
5
6
5
5
5
6
5
5
6
5
5
5
5
6
6
5
5
7
5
6
5
5
5
7
5
5
6
5
6
6
5
5
6
6
5
5
5
5
6
5
5
6
5
5
6
5
5
5
5
5
5
4
5
6
5
5
5
5
6
5
5
5
5
6
5
5
5
6
6
6
5
5
6
5
5
5
5
5
6
5
6
5
5
6
5
6
5
6
6
5
5
5
5
5
5
7
6
6
5
5
5
6
6
5
6
5
6
6
5
6
5
6
6
5.738888888888889
