Sphere rotate 1 degree full 360 deg
29
16
13
7
7
8
6
6
7
6
10
8
5
5
6
6
5
5
5
6
5
7
6
5
6
5
5
6
5
7
6
5
5
5
5
6
5
6
6
6
5
6
6
6
6
5
5
5
8
7
8
8
7
6
7
7
5
6
8
6
5
5
5
6
5
6
7
5
6
6
5
8
5
6
6
5
5
6
5
5
5
5
6
5
5
6
5
5
6
5
5
6
5
5
5
5
5
5
6
5
5
5
6
5
5
6
5
5
5
5
6
5
5
5
5
5
5
5
5
6
5
6
6
5
5
5
5
5
5
5
5
6
5
5
6
5
6
5
5
5
5
5
5
4
9
6
6
8
7
8
9
9
5
8
7
7
6
5
8
12
11
5
6
6
5
8
5
5
5
5
6
6
5
6
5
6
6
5
5
6
6
5
6
5
6
6
5
6
6
5
6
6
6
5
6
4
5
6
5
6
6
5
5
6
5
5
6
5
5
6
5
6
6
5
5
6
5
5
6
4
4
6
5
5
6
6
5
6
6
5
6
6
7
6
5
6
6
6
6
5
5
6
5
6
6
5
5
6
5
5
6
5
5
6
5
5
5
5
5
6
5
5
6
5
5
5
6
6
5
6
5
5
6
5
5
6
5
5
6
5
6
5
6
5
5
5
5
5
4
4
5
5
6
5
5
5
5
4
4
5
5
5
5
5
5
5
6
5
5
5
5
5
5
5
6
5
6
5
5
5
5
5
5
5
5
5
6
5
5
5
6
5
5
5
5
6
5
5
5
5
6
5
5
5
5
6
5
5
5
5
6
5
5
5
5
6
5
5
5
5
5.669444444444444
